# day, cases in US, cases in Idaho, cases in Washington, cases in Oregan 
   0            1            0            1            0 
   1            1            0            1            0 
   2            2            0            1            0 
   3            2            0            1            0 
   4            5            0            1            0 
   5            5            0            1            0 
   6            5            0            1            0 
   7            6            0            1            0 
   8            6            0            1            0 
   9            8            0            1            0 
  10            8            0            1            0 
  11            8            0            1            0 
  12           11            0            1            0 
  13           11            0            1            0 
  14           11            0            1            0 
  15           12            0            1            0 
  16           12            0            1            0 
  17           12            0            1            0 
  18           12            0            1            0 
  19           12            0            1            0 
  20           13            0            1            0 
  21           13            0            1            0 
  22           14            0            1            0 
  23           14            0            1            0 
  24           14            0            1            0 
  25           14            0            1            0 
  26           15            0            1            0 
  27           16            0            1            0 
  28           16            0            1            0 
  29           16            0            1            0 
  30           16            0            1            0 
  31           16            0            1            0 
  32           16            0            1            0 
  33           17            0            1            0 
  34           18            0            1            0 
  35           19            0            1            0 
  36           19            0            1            0 
  37           19            0            1            0 
  38           26            0            7            1 
  39           39            0           11            1 
  40           57            0           18            3 
  41           79            0           27            3 
  42          113            0           39            3 
  43          184            0           70            3 
  44          247            0           78            3 
  45          417            0          102            6 
  46          538            0          122           14 
  47          630            0          122           14 
  48          797            0          167           14 
  49         1156            0          282           19 
  50         1596            0          442           24 
  51         2222            1          568           30 
  52         2952            2          642           36 
  53         3234            4          603           36 
  54         4667            4          779           39 
  55         6450            8          955           66 
  56         9156            9         1022           75 
  57        13663           23         1374           88 
  58        20064           36         1524          114 
  59        26056           42         1793          137 
  60        34944           42         1997          161 
  61        46096           68         2221          191 
  62        56714           81         2328          210 
  63        68841           91         2591          266 
  64        86662          146         3207          316 
  65       105253          205         3477          416 
  66       127417          234         4030          479 
  67       143544          281         4465          548 
  68       165698          340         4923          606 
  69       192079          515         5432          690 
  70       227543          566         5608          736 
  71       259798          776         6389          826 
  72       292201          891         6846          899 
  73       323965         1022         7247          899 
  74       353117         1078         7825         1068 
  75       385110         1101         8311         1068 
  76       415256         1170         8692         1132 
  77       446500         1210         9276         1181 
  78       481981         1232         9639         1321 
  79       516396         1354        10119         1322 
  80       545313         1396        10434         1371 
  81       571551         1407        10609         1527 
  82       598789         1426        10635         1584 
  83       627306         1464        10799         1633 
  84       653345         1473        10942         1663 
  85       682962         1587        11057         1736 
  86       716152         1609        11517         1785 
  87       743464         1655        11776         1844 
  88       768888         1668        11978         1910 
  89       799149         1672        12114         1957 
  90       825478         1736        12392         2004 
  91       855445         1766        12596         2059 
  92       887523         1836        12753         2127 
  93       919014         1870        12977         2177 
  94       949640         1887        13319         2253 
  95       975537         1897        13521         2311 
  96      1000230         1897        13686         2354 
  97      1024834         1952        13842         2385 
  98      1051643         1952        14070         2446 
  99      1081150         1984        14327         2510 
 100      1115972         2015        14637         2579 
 101      1142619         2061        15003         2635 
 102      1166189         2061        15185         2680 
 103      1190240         2106        15462         2759 
 104      1214321         2127        15594         2839 
 105      1238694         2158        15905         2916 
 106      1266904         2178        16231         2989 
 107      1294111         2178        16388         3068 
 108      1318358         2205        16674         3160 
 109      1337061         2230        16891         3228 
 110      1356283         2260        17122         3286 
 111      1379661         2293        17330         3358 
 112      1399662         2293        17512         3416 
 113      1425539         2351        17773         3479 
 114      1449938         2351        17951         3541 
 115      1473806         2419        18288         3612 
 116      1492449         2419        18433         3623 
 117      1514833         2455        18611         3687 
 118      1535591         2455        18811         3726 
 119      1558430         2506        18971         3801 
 120      1583542         2506        19117         3817 
 121      1607464         2595        19265         3864 
 122      1627392         2595        19265         3888 
 123      1647513         2626        19828         3927 
 124      1666699         2626        20065         3949 
 125      1685395         2626        20181         3967 
 126      1704200         2699        20406         4038 
 127      1725329         2770        20764         4086 
 128      1750066         2770        21071         4131 
 129      1772783         2803        21349         4185 
 130      1791547         2839        21702         4243 
 131      1809384         2839        22239         4302 
 132      1829340         2933        22516         4335 
 133      1848388         2933        22764         4399 
 134      1876099         2990        23024         4474 
 135      1902280         3111        23483         4570 
 136      1922433         3139        23767         4570 
 137      1940242         3139        24078         4662 
 138      1957154         3189        24378         4922 
 139      1977478         3221        24630         4988 
 140      1999224         3260        24892         5060 
 141      2021527         3260        25176         5237 
 142      2047082         3353        25542         5377 
 143      2071218         3353        25825         5377 
 144      2090171         3399        26158         5636 
 145      2111266         3399        26530         5820 
 146      2135894         3462        26787         6098 
 147      2162973         3632        27193         6218 
 148      2191211         3743        27608         6366 
 149      2222207         3871        28225         6572 
 150      2254073         4004        28676         6750 
 151      2279932         4006        28874         6937 
 152      2309921         4256        29394         7083 
 153      2348750         4254        29874         7274 
 154      2385029         4402        30372         7444 
 155      2424386         4865        30866         7568 
 156      2473472         4865        31422         7818 
 157      2514305         5322        31766         8094 
 158      2557223         5322        32267         8341 
 159      2598741         5752        32831         8485 
 160      2648797         6117        33439         8656 
 161      2698127         6370        34152         8931 
 162      2753211         6593        34909         9294 
 163      2804869         6994        35260         9636 
 164      2850893         7370        35902         9930 
 165      2904843         7733        36959        10230 
 166      2948475         8052        37393        10395 
 167      3005888         8539        37916        10605 
 168      3066392         8969        38563        10817 
 169      3126225         9429        39202        11188 
 170      3194747         9929        39806        11454 
 171      3255188        10506        40672        11851 
 172      3315408        10903        41749        12170 
 173      3375033        11404        42295        12438 
 174      3440790        11720        43037        12805 
 175      3507089        12449        44299        13081 
 176      3577863        13134        45052        13509 
 177      3644285        13753        46022        13802 
 178      3708610        14303        46956        14149 
 179      3767603        14874        47751        14579 
 180      3828459        15268        48590        14847 
 181      3896754        15823        49250        15139 
 182      3964204        16322        49982        15393 
 183      4031971        16737        50832        15713 
 184      4106920        17265        51870        16104 
 185      4170675        17826        52669        16492 
 186      4226306        18178        53339        16758 
 187      4286303        18692        54201        17088 
 188      4350867        19220        54979        17408 
 189      4414919        19674        55751        17721 
 190      4484123        20242        56736        18131 
 191      4548498        20716        57586        18492 
 192      4605922        21110        58216        18817 
 193      4652811        21110        58767        19097 
 194      4694707        21670        59447        19366 
 195      4756328        22236        60132        19699 
 196      4810465        22708        60963        19978 
 197      4870501        23401        61686        20224 
 198      4930942        23925        62583        20635 
 199      4994709        24497        63189        21010 
 200      5048872        24675        63769        21272 
 201      5100509        25104        64260        21488 
 202      5157385        25598        64800        21774 
 203      5212607        26134        65439        22022 
 204      5264053        26629        66254        22300 
 205      5334125        27171        66989        22613 
 206      5386450        27475        67581        23018 
 207      5421027        27656        67854        23262 
 208      5459024        27937        68386        23451 
 209      5503999        28321        68922        23676 
 210      5549914        28680        69662        23870 
 211      5595049        29110        70180        24165 
 212      5642949        29364        71007        24421 
 213      5688220        29659        71471        24710 
 214      5720123        29845        71814        24937 
 215      5754214        30057        72161        25155 
 216      5796776        30465        72634        25391 
 217      5838968        30771        73217        25571 
 218      5889405        31113        73801        25761 
 219      5935725        31376        74420        26054 
 220      5978796        31668        74885        26293 
 221      6012964        31858        75195        26554 
 222      6046490        32081        75502        26713 
 223      6088459        32353        75977        26946 
 224      6128577        32664        76537        27075 
 225      6173788        32927        77034        27336 
 226      6222447        33193        77559        27601 
 227      6265685        33474        77979        27856 
 228      6294763        33664        78295        28044 
 229      6319465        33738        78492        28190 
 230      6346568        33978        78781        28356 
 231      6380419        34300        79280        28471 
 232      6420041        34617        79880        28654 
 233      6464866        34950        80374        28865 
 234      6510481        35167        80738        29156 
 235      6550789        35279        81056        29337 
 236      6583690        35532        81392        29337 
 237      6621129        35810        81776        29662 
 238      6659478        36093        82193        29850 
 239      6704919        36489        82610        30060 
 240      6755146        36959        83239        30342 
 241      6800801        37247        83622        30599 
 242      6842406        37491        83925        30801 
 243      6874666        37901        84270        30995 
 244      6912974        38347        84814        31313 
 245      6954204        38743        85397        31503 
 246      7003201        39234        86422        31865 
 247      7050827        39757        87062        32314 
 248      7094717        40296        87519        32581 
 249      7128424        40501        87897        32820 
 250      7164995        40923        88291        32994 
 251      7207285        41434        88823        33291 
 252      7246201        42048        89463        33509 
 253      7292563        42561        90179        33862 
 254      7346110        43238        90821        34163 
 255      7395490        43702        91290        34511 
 256      7428860        43964        91709        34770 
 257      7466807        44422        92136        35049 
 258      7511828        45082        92692        35339 
 259      7561295        45753        93450        35634 
 260      7619508        46426        94143        36116 
 261      7674839        47088        94691        36526 
 262      7730093        47701        95539        36924 
 263      7776973        48066        95914        37255 
 264      7819928        48663        96521        37467 
 265      7870524        49247        97240        37780 
 266      7929695        49892        97938        38160 
 267      7993557        50610        98713        38525 
 268      8063867        51704        99539        38935 
 269      8118717        52582       100105        39315 
 270      8171011        53092       100572        39532 
 271      8239748        53790       101064        39794 
 272      8302319        54663       101864        40136 
 273      8363744        55650       102567        40443 
 274      8443960        56600       103379        40443 
 275      8526092        57673       104328        41348 
 276      8604191        58694       105069        41739 
 277      8664568        59344       105665        42101 
 278      8729038        60041       106212        42436 
 279      8808015        60923       106963        42808 
 280      8896403        61785       107843        43228 
 281      8989082        62746       108954        43793 
 282      9089581        63810       109932        44388 
 283      9176353        64608       110808        44921 
 284      9254491        65088       111848        45429 
 285      9338429        65845       112593        45978 
 286      9465331        67024       114127        46460 
 287      9567400        68314       115251        47049 
 288      9697432        69579       117023        47839 
 289      9826559        70909       118771        48608 
 290      9953781        72312       120221        49587 
 291     10073149        72961       121467        50448 
 292     10192674        74227       122887        51155 
 293     10331958        75428       124549        51909 
 294     10481517        77121       126574        52770 
 295     10641054        78279       128821        53879 
 296     10819815        79798       131141        54937 
 297     10982695        81317       133391        56018 
 298     11121209        82245       134969        56880 
 299     11276946        83344       137561        57646 
 300     11444298        85125       139120        58570 
 301     11617714        86435       141231        59669 
 302     11809681        87978       143405        60873 
 303     12010766        89764       145281        62175 
 304     12188370        90834       147929        63668 
 305     12333605        91653       151488        65170 
 306     12517891        93090       154770        66333 
 307     12692859        94730       157790        67333 
 308     12874110        96503       160663        68503 
 309     12987021        96503       162730        68503 
 310     13202223        98500       165124        70832 
 311     13369712        99660       167231        72506 
 312     13509385       100484       169500        74119 
 313     13667916       101698       171962        75431 
 314     13866747       103305       175033        76654 
 315     14063763       104734       177358        78160 
 316     14283186       106455       179443        79293 
 317     14518320       108366       181329        81437 
 318     14738243       109705       183081        83243 
 319     14916374       110510       189152        84496 
 320     15112615       111893       192947        85788 
 321     15340114       113905       196032        87082 
 322     15555849       116203       199028        88287 
 323     15791626       118028       202177        89838 
 324     16028528       119610       206288        91420 
 325     16251284       120632       208717        92839 
 326     16441926       121179       210809        93853 
 327     16652287       122217       212584        95010 
 328     16879508       124019       214265        96092 
 329     17113651       125452       214265        97622 
 330     17352825       126878       217205        98936 
 331     17599265       128218       220268       100308 
 332     17804290       129069       222600       101814 
 333     17990459       129960       222600       102930 
 334     18187884       130877       226635       103755 
 335     18393674       132594       227887       105073 
 336     18614461       133985       230202       105970 
 337     18826056       135233       233093       106821 
 338     18951580       135233       233093       106821 
 339     19169548       135787       236719       108326 
 340     19305731       136215       236719       109725 
 341     19480364       137010       238672       110545 
 342     19687206       138524       240846       111227 
 343     19905955       139864       242330       112260 
 344     20219881       141077       246752       113909 
 345     20397401       141077       246752       113909 
 346     20670025       142199       246752       116348 
 347     20873238       142507       255396       117745 
 348     21059971       143305       256435       118453 
 349     21292113       144843       258767       119488 
 350     21551828       146106       260752       120223 
 351     21836891       147173       264012       121085 
 352     22139751       148258       268607       122847 
 353     22403255       149235       271595       124476 
 354     22613201       149667       271595       125683 
 355     22817703       150239       276686       126607 
 356     23040119       151273       278544       127780 
 357     23268794       152364       281202       129109 
 358     23503718       153358       283777       130246 
 359     23748054       154470       285970       131258 
 360     23965036       155276       285970       132412 
 361     24141201       155554       289939       133205 
 362     24282485       155554       289939       133851 
 363     24439499       156778       291989       134468 
 364     24627167       157588       294017       135142 
 365     24819194       158200       296087       135973 
 366     25010550       158798       298249       136839 
 367     25187889       159325       300198       137600 
 368     25327684       159506       300198       138168 
 369     25457657       160033       302141       138587 
 370     25608950       160592       303482       139355 
 371     25764115       161212       305289       140063 
 372     25930830       161720       307809       140783 
 373     26094129       162355       309801       141729 
 374     26244538       162683       311597       142416 
 375     26357109       162683       311597       142416 
 376     26482921       163165       313335       143373 
 377     26600311       163656       314692       143978 
 378     26724686       164163       316294       144605 
 379     26849339       164565       317878       145320 
 380     26979746       164969       319371       146137 
 381     27096026       165209       320146       146741 
 382     27185195       165209       320146       147122 
 383     27268357       165658       323214       147419 
 384     27364115       166095       324025       147932 
 385     27459810       166553       324706       148475 
 386     27565962       166876       326159       149082 
 387     27665521       167225       327167       149576 
 388     27755869       167483       328047       150034 
 389     27824059       167483       328047       150281 
 390     27880163       167483       328047       150464 
 391     27940001       167945       329746       150875 
 392     28009006       168353       330807       151257 
 393     28081256       168639       332007       151713 
 394     28156130       168953       332904       152190 
 395     28229711       169150       333794       152711 
 396     28284964       169150       333794       152818 
 397     28341020       169584       334962       153135 
 398     28414850       169866       335693       153645 
 399     28489831       170289       336565       154062 
 400     28566891       170595       337653       154554 
 401     28641814       170907       338822       154878 
 402     28712644       171140       339773       155315 
 403     28764300       171140       339773       155597 
 404     28814422       171462       340708       155787 
 405     28873099       171836       341441       156037 
 406     28940167       172288       342236       156287 
 407     29008608       172587       343090       156673 
 408     29075790       172827       343868       156884 
 409     29136553       172931       344532       157079 
 410     29178097       172931       344532       157285 
 411     29222845       173309       345731       157515 
 412     29278676       173790       346403       158007 
 413     29336396       174246       347131       158291 
 414     29398151       174610       347884       158644 
 415     29460425       174943       348516       159037 
 416     29516683       175236       349425       159402 
 417     29555249       175236       349425       159617 
 418     29606786       175657       350506       159790 
 419     29661865       176007       351109       160051 
 420     29721744       176461       352012       160288 
 421     29783947       176802       352907       160622 
 422     29844857       177185       353792       160994 
 423     29903124       177420       354782       161320 
 424     29938536       177420       354782       161531 
 425     29986973       177760       355986       161706 
 426     30039699       178119       356536       162016 
 427     30127524       178544       357499       162383 
 428     30194913       178887       358606       162804 
 429     30271057       179204       359666       163294 
 430     30334849       179428       361115       163702 
 431     30381221       179428       361115       163952 
 432     30447864       179763       362385       164164 
 433     30510086       180076       363235       164570 
 434     30579488       180536       364486       165012 
 435     30656333       180897       365762       165524 
 436     30730197       181181       367115       166013 
 437     30794706       181181       368403       166480 
 438     30832573       181181       368403       166882 
 439     30900797       181836       370017       167128 
 440     30964192       182182       370652       167658 
 441     31039931       182531       372170       168128 
 442     31119775       182841       373212       168795 
 443     31204187       183153       374794       169338 
 444     31274551       183153       376230       170085 
 445     31321882       183153       376230       170568 
 446     31385084       183691       377952       170850 
 447     31465797       183910       379056       171398 
 448     31540759       184347       380339       172206 
 449     31614987       184557       381725       172931 
 450     31697735       184769       383894       173626 
 451     31753119       184769       385549       174501 
 452     31796942       184769       385549       175121 
 453     31856777       185227       386920       175592 
 454     31919206       185465       388718       176157 
 455     31983896       185759       390214       177134 
 456     32050109       185993       391839       178110 
 457     32112759       186183       393594       179120 
 458     32167066       186183       395312       179930 
 459     32201474       186183       395312       180700 
 460     32244762       186725       397417       181321 
 461     32296819       187014       398509       182040 
 462     32352653       187269       400149       182916 
 463     32410332       187479       401718       183830 
 464     32468058       187656       403040       184812 
 465     32516229       187656       404709       185597 
 466     32546825       187656       404709       186344 
 467     32592225       188024       407191       186878 
 468     32634952       188233       408607       187611 
 469     32680747       188435       409933       188417 
 470     32726692       188601       411075       189162 
 471     32774857       188788       412483       189986 
 472     32809821       188788       413980       190804 
 473     32832560       188788       413980       191405 
 474     32865356       189128       415705       191774 
 475     32900636       189361       416930       192416 
 476     32936597       189586       418020       193014 
 477     32974480       189735       419382       193732 
 478     33016062       189908       421757       194542 
 479     33046543       189908       422665       195179 
 480     33064175       189908       422665       195684 
 481     33089706       190279       423382       195884 
 482     33118724       190472       424050       196392 
 483     33147768       190712       424903       196788 
 484     33177773       190900       425848       197356 
 485     33206438       191068       427494       197851 
 486     33227355       191068       427494       198356 
 487     33241143       191068       427494       198689 
 488     33263301       191397       429499       198972 
 489     33287107       191546       430415       199391 
 490     33311458       191738       432170       199784 
 491     33338004       191877       433701       200210 
 492     33359920       192012       434783       200632 
 493     33372894       192012       435849       201005 
 494     33380100       192012       435849       201260 
 495     33386450       192012       435849       201475 
 496     33407543       192305       436984       201650 
 497     33424134       192478       437677       201998 
 498     33442103       192630       438544       202247 
 499     33459616       192795       439263       202680 
 500     33474773       192795       440057       202995 
 501     33480669       192795       440057       203252 
 502     33494855       193030       440889       203374 
 503     33507654       193157       441591       203671 
 504     33525855       193295       442098       203933 
 505     33540372       193397       442815       204291 
 506     33564876       193515       443454       204587 
 507     33573697       193515       444166       204866 
 508     33578726       193515       444166       205030 
 509     33590631       193743       444722       205154 
 510     33601274       193832       445155       205459 
 511     33613028       193919       445686       205698 
 512     33624550       194006       446124       205988 
 513     33645536       194006       446682       206299 
 514     33654425       194006       447203       206581 
 515     33659354       194006       447203       206777 
 516     33670082       194249       447724       206851 
 517     33680852       194367       448142       207106 
 518     33693342       194520       448945       207333 
 519     33707537       194609       449491       207558 
 520     33732046       194690       449983       207787 
 521     33741091       194690       450404       207999 
 522     33745753       194690       450404       208137 
 523     33759518       194824       450930       208222 
 524     33767049       194901       451248       208446 
 525     33782328       194998       451595       208640 
 526     33797254       195089       452072       208836 
 527     33826850       195172       452483       209037 
 528     33832136       195172       452483       209037 
 529     33836407       195172       452483       209037 
 530     33845572       195172       452483       209037 
 531     33868140       195429       453665       209494 
 532     33888279       195552       454068       209764 
 533     33909163       195696       454650       209974 
 534     33956137       195831       455103       210230 
 535     33966179       195831       455103       210230 
 536     33977947       195831       455103       210230 
 537     34007608       196128       456709       210729 
 538     34034113       196310       457814       211065 
 539     34065233       196489       458517       211315 
 540     34097165       196695       459306       211631 
 541     34175196       196856       460067       211998 
 542     34189267       196856       460067       211998 
 543     34209651       196856       460067       211998 
 544     34258864       197211       461847       212755 
 545     34298789       197456       462577       213339 
 546     34346643       197781       463537       213730 
 547     34403070       198014       466099       214263 
 548     34523851       198296       466099       214869 
 549     34553246       198296       466235       214869 
 550     34581900       198296       466235       214869 
 551     34660438       198840       469308       215853 
 552     34725589       199158       470333       216875 
 553     34799159       199516       471489       217690 
 554     34871515       199955       472362       218689 
 555     35062671       200484       473076       219755 
 556     35107407       200484       473076       219755 
 557     35152821       200484       473076       219755 
 558     35260295       201352       475881       221799 
 559     35358374       202032       481357       223364 
 560     35460779       202669       483389       224547 
 561     35570383       203412       486303       225919 
 562     35822342       204091       488640       226899 
 563     35886269       204091       488640       226899 
 564     35922003       204091       488640       226899 
 565     36080394       205033       495338       230103 
 566     36198715       205787       495357       232436 
 567     36353209       206523       500434       234393 
 568     36497055       207274       504132       236698 
 569     36723767       208054       507294       238463 
 570     36798003       208054       507294       238463 
 571     36845902       208054       507294       238463 
 572     37039224       209411       514884       242843 
 573     37190454       210315       517214       245758 
 574     37357714       211532       520733       247866 
 575     37513090       212327       524670       250835 
 576     37752093       212939       528453       252977 
 577     37845682       212939       528453       252977 
 578     37891098       212939       528453       252977 
 579     38097264       214010       536814       257644 
 580     38252487       215042       539887       260425 
 581     38431642       216061       542878       263164 
 582     38615433       217053       546721       265210 
 583     38853779       217887       550988       268401 
 584     38933864       217887       550988       268401 
 585     38987094       217887       550988       268401 
 586     39215012       220163       559762       273896 
 587     39395093       221389       563041       276287 
 588     39585480       222552       567104       279087 
 589     39764660       224156       571468       281513 
 590     39999775       225544       575490       283873 
 591     40087145       225544       575490       283873 
 592     40151888       225544       575490       283873 
 593     40241925       225544       575490       283873 
 594     40452009       228071       586694       289388 
 595     40629633       229597       590281       291978 
 596     40796340       231056       594344       294392 
 597     41038030       232630       597732       296825 
 598     41128605       233577       597732       296825 
 599     41178225       233907       597732       296825 
 600     41385908       235343       607160       301504 
 601     41531517       237000       609911       303532 
 602     41704730       238315       613670       305560 
 603     41863382       239533       616871       307768 
 604     42074012       241263       620752       309841 
 605     42150325       242021       620752       309841 
 606     42196356       242321       620752       309841 
 607     42365737       243565       628488       313161 
 608     42487616       245395       631023       314841 
 609     42619247       246749       633278       317107 
 610     42748323       248094       637367       318914 
 611     42922892       249740       640496       320990 
 612     42984807       250556       640496       320990 
 613     43040464       250955       640496       320990 
 614     43194365       252378       649284       324571 
 615     43307575       253733       652011       326191 
 616     43429455       255417       654710       328184 
 617     43539602       257322       657626       330054 
 618     43694434       259100       660910       331709 
 619     43744230       260012       660910       331709 
 620     43790469       260351       660910       331709 
 621     43931033       261459       667834       334971 
 622     44026591       263291       670207       336598 
 623     44139340       264661       672782       338130 
 624     44240448       265982       675695       339556 
 625     44371009       267664       677995       341113 
 626     44411389       268454       677995       341113 
 627     44452408       268660       677995       341113 
 628     44545260       268660       684532       343993 
 629     44656257       270601       686417       345344 
 630     44764574       272625       689484       346480 
 631     44850758       274560       692337       347717 
 632     44959510       276080       695016       348766 
 633     45000900       276862       695016       348766 
 634     45034091       277167       695016       348766 
 635     45130721       278457       695016       352026 
 636     45213351       279921       702425       353368 
 637     45305584       281470       704878       354681 
 638     45382916       282798       708032       356061 
 639     45478815       284278       710511       357526 
 640     45513146       285003       710511       357526 
 641     45534117       285245       710511       357526 
 642     45643590       286335       716315       359733 
 643     45711256       287679       717924       361240 
 644     45813723       288923       719500       362561 
 645     45888281       289796       722839       363684 
 646     45982999       290872       725435       365053 
 647     46019338       291252       725435       365053 
 648     46053369       291316       725435       365053 
 649     46163209       292317       730108       367610 
 650     46233302       293241       731894       368696 
 651     46320017       294485       733535       369815 
 652     46401249       295147       735881       371001 
 653     46498339       295950       737698       372137 
 654     46535633       296299       737698       372137 
 655     46574625       296299       737698       372137 
 656     46681955       297142       742919       374253 
 657     46761953       297910       744364       375357 
 658     46857087       298634       746354       376372 
 659     46914763       298634       746354       376372 
 660     47058884       299576       750477       378174 
 661     47105077       299849       750477       378174 
 662     47138979       299849       750477       378174 
 663     47270036       300527       755011       380091 
 664     47358017       301191       756310       380866 
 665     47470423       301841       758483       381842 
 666     47579006       302394       760482       382990 
 667     47705277       303050       762118       384062 
 668     47752533       303296       762118       384062 
 669     47794062       303296       762118       384062 
 670     47934958       303928       766008       385790 
 671     48026680       304563       767045       386634 
 672     48138252       305133       768151       387485 
 673     48175309       305133       768151       387485 
 674     48230002       305524       768151       387485 
 675     48258469       305762       768151       387485 
 676     48303592       305762       768151       387485 
 677     48488745       306209       773069       390066 
 678     48606350       306845       774465       391099 
 679     48743353       307561       774465       392197 
 680     48881266       308155       778916       393232 
 681     49039264       308669       780835       394569 
 682     49107072       308869       780835       394569 
 683     49163634       308869       780835       394569 
 684     49338553       309314       784129       396501 
 685     49451022       310010       786042       397421 
 686     49600401       310661       787245       398262 
 687     49724336       311150       788877       399361 
 688     49881752       311521       790412       400188 
 689     49939494       311692       790412       400188 
 690     49992891       311692       790412       400188 
 691     50176145       312186       793757       401564 
 692     50289495       312591       794878       402436 
 693     50435110       313041       796369       403329 
 694     50577301       313423       798239       404229 
 695     50769810       313812       800329       405292 
 696     50851492       313967       800329       405292 
 697     50942411       313967       800329       405292 
 698     51183574       314492       805831       407153 
 699     51365848       314915       807529       408069 
 700     51613702       315270       809600       409232 
 701     51888091       315726       813741       410565 
 702     52136359       315726       813741       410565 
 703     52224674       315726       813741       410565 
 704     52408195       315726       813741       410565 
 705     52914266       316716       834235       414140 
 706     53286726       317735       837378       416020 
 707     53797747       318458       842196       418333 
 708     54395695       319382       849075       421263 
 709     54907738       319382       849075       421263 
 710     55099969       319382       849075       421263 
 711     55396212       319382       849075       421263 
 712     56438999       320802       882144       430931 
 713     57267809       322524       888336       435453 
 714     57943588       323965       899036       441648 
 715     58788193       325730       913980       449267 
 716     59667187       327065       931071       459700 
 717     60075862       327451       931071       459700 
 718     60569276       327451       931071       459700 
 719     61923784       328946       978680       478203 
 720     62710005       331265       991838       486202 
 721     63563873       334086      1009187       494945 
 722     64429169       336424      1025322       504731 
 723     65308319       339690      1041456       513391 
 724     65724621       340857      1041456       513391 
 725     66210719       340857      1041456       513391 
 726     66870965       340857      1041456       513391 
 727     68003833       344412      1105622       541415 
 728     68913678       348949      1119228       549942 
 729     69644560       352411      1135778       559960 
 730     70450301       356112      1152026       570892 
 731     70760261       358057      1151835       570892 
 732     71131181       358057      1151835       570892 
 733     72039933       361059      1203311       590270 
 734     72532192       364577      1203311       597172 
 735     73209293       368665      1257918       605363 
 736     73712581       372442      1257918       613221 
 737     74325227       376095      1294497       620652 
 738     74507900       377721      1294497       620652 
 739     74708911       377721      1294497       620652 
 740     75244223       380302      1339737       633876 
 741     75570659       382466      1339737       638823 
 742     75897756       384791      1355428       643973 
 743     76171380       387287      1355428       649389 
 744     76526119       389715      1367763       654343 
 745     76614539       391067      1367763       654343 
 746     76699561       391067      1367763       654343 
 747     77042151       393053      1382782       662250 
 748     77255967       395366      1382782       665486 
 749     77443119       397931      1391026       668783 
 750     77613484       400299      1391026       671923 
 751     77821654       402048      1410596       674500 
 752     77874448       403137      1410596       674500 
 753     77933644       403137      1410596       674500 
 754     78100844       404629      1410658       679241 
 755     78211227       406806      1410658       680852 
 756     78325034       409129      1410611       682566 
 757     78426302       411158      1410499       684411 
 758     78570189       413372      1410499       685953 
 759     78602347       414513      1409253       685953 
 760     78625889       414513      1409253       685953 
 761     78705534       414513      1409253       685953 
 762     78794717       416868      1409253       689325 
 763     78878763       419178      1414429       690481 
 764     78945291       421587      1414222       691337 
 765     79018933       423638      1417498       692261 
 766     79066775       423638      1417498       692261 
 767     79085308       423638      1417498       692261 
 768     79182072       426164      1423990       693929 
 769     79228526       427738      1423990       694649 
 770     79281550       429476      1427013       695323 
 771     79330037       430918      1427013       696003 
 772     79388536       432483      1430235       696717 
 773     79403803       432483      1430235       696717 
 774     79416427       432483      1430235       696717 
 775     79469905       434157      1432321       697775 
 776     79499241       434981      1432321       698127 
 777     79536136       436033      1434783       698564 
 778     79581803       437061      1434783       698982 
 779     79630563       437931      1437914       699362 
 780     79641081       437931      1437914       699362 
 781     79652389       437931      1437914       699362 
 782     79686659       439103      1440632       699960 
 783     79710172       439928      1440632       700361 
 784     79761407       440783      1440633       700660 
 785     79813432       441375      1442947       700960 
 786     79845064       441938      1445223       701198 
 787     79856186       441938      1445223       701198 
 788     79867851       441938      1445223       701198 
 789     79908896       442611      1446845       701729 
 790     79930125       443035      1446845       701992 
 791     79970024       443309      1448779       702285 
 792     80012075       443479      1448779       702566 
 793     80056490       443549      1451227       702750 
 794     80066185       443549      1451227       702750 
 795     80078221       443549      1451227       702750 
 796     80115933       443666      1453251       703132 
 797     80138992       443792      1453251       703465 
 798     80177109       443930      1454772       703838 
 799     80221659       443930      1454772       704152 
 800     80252822       444210      1456264       704515 
 801     80264902       444210      1456264       704515 
 802     80269916       444210      1456264       704515 
 803     80308034       444423      1458424       704515 
 804     80333004       444499      1458424       704515 
 805     80372934       444523      1464398       705817 
 806     80422607       444584      1464398       706252 
 807     80495785       444637      1467059       706687 
 808     80508841       444637      1467059       706687 
 809     80518648       444637      1467059       706687 
 810     80556762       444757      1467059       707512 
 811     80591984       444864      1467059       707987 
 812     80642046       444907      1471754       708521 
 813     80695905       445007      1471754       709125 
 814     80730374       445040      1474548       709586 
 815     80743193       445040      1474548       709586 
 816     80751116       445040      1474548       709586 
 817     80810667       445167      1477863       711100 
 818     80849167       445167      1477863       711827 
 819     80916941       445350      1479559       712686 
 820     80977423       445350      1479559       713618 
 821     81065998       445545      1483332       714346 
 822     81086701       445545      1483332       714346 
 823     81100684       445545      1483332       714346 
 824     81168488       445670      1483332       716414 
 825     81213378       445670      1489316       717505 
 826     81303190       445821      1493194       718630 
 827     81380164       445821      1493194       719857 
 828     81441418       446040      1498116       721311 
 829     81466515       446040      1498116       721311 
 830     81483878       446040      1498116       721311 
 831     81577751       446227      1510285       723336 
 832     81627417       446227      1510285       725150 
 833     81739767       446549      1508065       726612 
 834     81827980       446549      1508065       728335 
 835     81957032       446856      1508065       729412 
 836     81986083       446856      1508065       729412 
 837     81992696       446856      1508065       729412 
 838     82121875       447159      1519327       732382 
 839     82192395       447159      1519327       734014 
 840     82353418       447540      1524078       735464 
 841     82458758       447540      1524078       737186 
 842     82546019       447913      1530430       738830 
 843     82564507       447913      1530430       738830 
 844     82597636       447913      1530430       738830 
 845     82774560       448269      1538228       741780 
 846     82859886       448269      1538228       741780 
 847     83063720       448754      1544119       745723 
 848     83199269       448754      1544119       747341 
 849     83348050       449265      1552956       749721 
 850     83376204       449265      1552956       749721 
 851     83397052       449265      1552956       749721 
 852     83538581       449682      1559662       753575 
 853     83622443       449682      1559662       755366 
 854     83833181       450337      1565696       757209 
 855     83968711       450337      1565696       758878 
 856     84076542       450957      1573651       760803 
 857     84090814       450957      1573651       760803 
 858     84097941       450957      1573651       760803 
 859     84160453       450957      1573651       760803 
 860     84327623       450957      1573651       765448 
 861     84556346       452085      1583206       767285 
 862     84678666       452085      1583206       769080 
 863     84835652       452918      1591654       770193 
 864     84863797       452918      1591654       770193 
 865     84880180       452918      1591654       770193 
 866     85040000       453550      1600084       774425 
 867     85126635       453550      1600084       776238 
 868     85325235       454577      1600084       777699 
 869     85457174       454577      1600084       779983 
 870     85563335       455427      1610793       781127 
 871     85598730       455427      1610793       781127 
 872     85616604       455427      1610793       781127 
 873     85768172       456132      1617208       785031 
 874     85858349       456132      1617208       786608 
 875     86043237       457026      1622214       788127 
 876     86173269       457026      1622214       789697 
 877     86312081       457907      1628383       791280 
 878     86329874       457907      1628383       791280 
 879     86348026       457907      1628383       791280 
 880     86444069       457907      1628383       791280 
 881     86555254       457907      1628383       795552 
 882     86740614       459525      1640182       798052 
 883     86879321       459525      1640182       800404 
 884     86996527       460741      1646657       802156 
 885     87037642       460741      1646657       802156 
 886     87060105       460741      1646657       802156 
 887     87220041       461626      1654445       805977 
 888     87317851       461626      1654445       807889 
 889     87507744       462978      1659152       809827 
 890     87675497       462978      1659152       811692 
 891     87832335       464094      1666301       813050 
 892     87852914       464094      1666301       813050 
 893     87861573       464094      1666301       813050 
 894     87938030       464094      1666301       813050 
 895     88079445       464094      1666301       817838 
 896     88279848       466007      1677766       819679 
 897     88418909       466007      1677766       821303 
 898     88556616       467770      1684668       823247 
 899     88585917       467770      1684668       823247 
 900     88610685       467770      1684668       823247 
 901     88811559       468973      1692004       826598 
 902     88959760       468973      1692004       828439 
 903     89164076       470457      1695915       830059 
 904     89339527       470457      1695909       831170 
 905     89492720       471623      1695915       833340 
 906     89532172       471623      1695915       833340 
 907     89562008       471623      1701692       833340 
 908     89726854       472621      1709178       836352 
 909     89844049       472621      1709156       837873 
 910     90060452       474150      1713842       839294 
 911     90236212       474150      1713842       841000 
 912     90367616       475344      1719776       842351 
 913     90394217       475344      1719776       842351 
 914     90417708       475344      1719776       842351 
 915     90607567       476226      1726045       845330 
 916     90739662       476226      1726045       846691 
 917     90979439       477684      1729949       848045 
 918     91156816       477684      1729949       848901 
 919     91316052       478662      1729949       850352 
 920     91332279       478662      1729949       850352 
 921     91345500       478662      1729949       850352 
 922     91515311       479375      1740938       852948 
 923     91606246       479375      1740938       854079 
 924     91806645       480606      1744292       856228 
 925     91993968       480606      1744292       857421 
 926     92100085       481562      1748594       858791 
 927     92115225       481562      1748594       858791 
 928     92127962       481562      1748594       858791 
 929     92283156       482245      1748594       860725 
 930     92382916       482245      1748594       861985 
 931     92579399       483255      1756800       863044 
 932     92742377       483255      1756800       864083 
 933     92839032       484008      1760576       864933 
 934     92922848       484008      1760576       864933 
 935     92932669       484008      1760576       864933 
 936     93055367       484601      1764619       866761 
 937     93147144       484601      1764619       867917 
 938     93284016       485488      1767263       868903 
 939     93433144       485488      1767263       869780 
 940     93510693       486100      1770649       870690 
 941     93521907       486100      1770649       870690 
 942     93531782       486100      1770649       870690 
 943     93660731       486587      1773927       872287 
 944     93760016       486587      1773927       873151 
 945     93911704       487329      1776370       873957 
 946     94051364       487329      1776370       874697 
 947     94172441       488067      1778421       875409 
 948     94184363       488067      1778421       875409 
 949     94192955       488067      1778421       875409 
 950     94299131       488539      1782970       876798 
 951     94374765       486100      1782970       877577 
 952     94528939       489400      1784728       878148 
 953     94659168       489400      1784728       878610 
 954     94723808       490003      1787212       879640 
 955     94735296       490003      1787212       879640 
 956     94742779       490003      1787212       879640 
 957     94776454       490003      1787212       879640 
 958     94888901       490003      1787212       881022 
 959     95012873       490946      1791053       881996 
 960     95120095       490946      1791053       882661 
 961     95220855       491564      1793565       883368 
 962     95231015       491564      1793565       883368 
 963     95240059       491564      1793565       883368 
 964     95309449       492022      1796023       884547 
 965     95389122       492022      1796023       885297 
 966     95492323       492580      1796023       885963 
 967     95575960       492580      1796023       885963 
 968     95632196       493071      1800799       885963 
 969     95640767       493071      1800799       885963 
 970     95646258       493071      1800799       885963 
 971     95701949       493571      1803633       885963 
 972     95771211       493571      1803633       885963 
 973     95869575       494087      1805781       890507 
 974     95950646       494087      1805781       890507 
 975     96033930       494593      1808301       890507 
 976     96043688       494593      1808301       890507 
 977     96050433       494593      1808301       890507 
 978     96095985       494907      1811170       890507 
 979     96157033       494907      1811170       890507 
 980     96243578       495500      1813501       894776 
 981     96328114       495500      1813501       894776 
 982     96361678       495873      1816183       894776 
 983     96369724       495873      1816183       894776 
 984     96375608       495873      1816183       894776 
 985     96417095       496134      1818645       894776 
 986     96472453       496134      1818714       894776 
 987     96543831       496615      1820468       899013 
 988     96604796       496615      1820468       899013 
 989     96663130       497007      1822544       899013 
 990     96670971       497007      1822544       899013 
 991     96676610       497007      1822544       899013 
 992     96699681       497007      1824499       899013 
 993     96760525       497007      1824499       899013 
 994     96825225       497728      1825852       902319 
 995     96888844       497728      1825852       902319 
 996     96915918       498082      1827631       902319 
 997     96922004       498082      1827631       902319 
 998     96928820       498082      1827631       902319 
 999     96967772       498082      1828918       902319 
1000     97011435       498082      1828918       902319 
1001     97072134       498808      1830508       905882 
1002     97129565       498808      1830508       905882 
1003     97175689       498808      1832457       905882 
1004     97181178       498808      1832457       905882 
1005     97189814       498808      1832457       905882 
1006     97229198       498808      1833759       905882 
1007     97273000       498808      1833759       905882 
1008     97344540       499849      1835075       908188 
1009     97403880       499849      1835075       908188 
1010     97434321       499849      1835075       908188 
1011     97443447       499849      1835075       908188 
1012     97446879       499849      1835075       908188 
1013     97491846       499849      1838206       908188 
1014     97540814       499849      1838206       908188 
1015     97614852       500884      1839317       910693 
1016     97685695       500884      1839317       910693 
1017     97724406       500884      1839317       910693 
1018     97729710       500884      1839317       910693 
1019     97737841       500884      1839317       910693 
1020     97778514       500884      1839317       910693 
1021     97809969       500884      1839317       910693 
1022     97907293       502105      1843908       910693 
1023     97973635       502105      1843908       913809 
1024     97986819       502105      1843908       913809 
1025     97992088       502105      1843908       913809 
1026     97994731       502105      1843908       913809 
1027     98045142       502105      1843908       913809 
1028     98105019       502105      1843908       913809 
1029     98189764       503346      1848731       917164 
1030     98243862       503346      1848731       917164 
1031     98299460       503346      1848731       917164 
1032     98304478       503346      1848731       917164 
1033     98308425       503346      1848731       917164 
1034     98352945       503346      1848731       917164 
1035     98409266       503346      1848731       917164 
1036     98522698       504770      1853991       920718 
1037     98539023       504770      1854190       920718 
1038     98561352       504770      1854190       920718 
1039     98564651       504770      1854190       920718 
1040     98570599       504770      1854190       920718 
1041     98632925       504770      1854190       920718 
1042     98700385       504770      1854190       920718 
1043     98813400       506232      1857649       924632 
1044     98904029       506232      1859858       924632 
1045     98968415       506232      1859858       924632 
1046     98975552       506232      1859858       924632 
1047     98981119       506232      1859858       924632 
1048     99038945       506232      1859858       924632 
1049     99133959       506232      1859858       924632 
1050     99279412       507870      1866343       929127 
1051     99378688       507870      1866343       929127 
1052     99415297       507870      1866343       929127 
1053     99422565       507870      1866343       929127 
1054     99428962       507870      1866343       929127 
1055     99488642       507870      1866343       929127 
1056     99582454       507870      1866343       929127 
1057     99731156       509199      1872837       933108 
1058     99843780       509199      1872837       933108 
1059     99898835       509199      1872837       933108 
1060     99905916       509199      1872837       933108 
1061     99911987       509199      1872837       933108 
1062     99972811       509199      1872837       933108 
1063    100054789       509199      1872837       933108 
1064    100236957       510535      1879139       936721 
1065    100333145       510535      1879139       936721 
1066    100372381       510535      1879139       936721 
1067    100378903       510535      1879139       936721 
1068    100382117       510535      1879139       936721 
1069    100394549       510535      1879139       936721 
1070    100505484       510535      1879139       936721 
1071    100618828       511601      1883676       939303 
1072    100722818       511601      1883676       939303 
1073    100757296       511601      1883676       939303 
1074    100765248       511601      1883676       939303 
1075    100769543       511601      1883676       939303 
1076    100777853       511601      1883676       939303 
1077    100890152       511601      1883676       939303 
1078    101088268       512726      1889201       942121 
1079    101196118       512726      1889201       942121 
1080    101261306       512726      1889201       942121 
1081    101267161       512726      1889201       942121 
1082    101272871       512726      1889201       942121 
1083    101315882       512726      1889201       942121 
1084    101399167       512726      1889201       942121 
1085    101538785       513667      1894796       944622 
1086    101603765       513667      1894796       944622 
1087    101637080       513667      1894796       944622 
1088    101642365       513667      1894796       944622 
1089    101645683       513667      1894796       944622 
1090    101653200       513667      1894796       944622 
1091    101734455       513667      1894796       944622 
1092    101863085       514326      1899401       946727 
1093    101954273       514326      1899401       946727 
1094    101991792       514326      1899401       946727 
1095    101996920       514326      1899401       946727 
1096    102000208       514326      1899401       946727 
1097    102031261       514326      1899401       946727 
1098    102086995       514326      1899401       946727 
1099    102189303       515002      1904198       948901 
1100    102253419       515002      1904183       948901 
1101    102270340       515002      1904198       948901 
1102    102274935       515002      1904198       948901 
1103    102278427       515002      1904198       948901 
1104    102307558       515002      1904198       948901 
1105    102362900       515002      1904198       948901 
1106    102479408       515706      1904198       951465 
1107    102561083       515706      1909773       951465 
1108    102599955       515706      1909773       951465 
1109    102604151       515706      1909773       951465 
1110    102607114       515706      1909773       951465 
1111    102631614       515706      1909773       951465 
1112    102677253       515706      1909773       951465 
1113    102760926       516578      1915281       954077 
1114    102842908       516578      1915286       954077 
1115    102855101       516578      1915286       954077 
1116    102859510       516578      1915286       954077 
1117    102862879       516578      1915286       954077 
1118    102886005       516578      1915286       954077 
1119    102934224       516578      1915286       954077 
1120    103023231       517540      1920195       956770 
1121    103083910       517540      1920195       956770 
1122    103131898       517540      1920195       956770 
1123    103134605       517540      1920195       956770 
1124    103136077       517540      1920195       956770 
1125    103138119       517540      1920195       956770 
1126    103198669       517540      1920195       956770 
1127    103308832       518431      1924418       959393 
1128    103365511       518431      1924418       959393 
1129    103378408       518431      1924418       959393 
1130    103381157       518431      1924418       959393 
1131    103382763       518431      1924418       959393 
1132    103399827       518431      1924418       959393 
1133    103443455       518431      1924418       959393 
1134    103533872       519850      1928913       961523 
1135    103589757       519850      1928913       961523 
1136    103648690       519850      1928913       961523 
1137    103650837       519850      1928913       961523 
1138    103646975       519850      1928913       961523 
1139    103655539       519850      1928913       961523 
1140    103690910       519850      1928913       961523 
1141    103755771       521120      1928913       963564 
1142    103802702       521120      1928913       963564 
