# x,y,z
     1.55865     -1.19098     -0.41333
   0.0308819    -0.528198     -1.84045
   0.0328388     -1.06049    -0.756348
   -0.282461    -0.379333     -1.72864
   -0.846495     -1.17676    -0.967773
    -0.91342     -1.48987    -0.541382
   -0.832512     -1.00293    -0.834839
    -1.15403     -1.38568   0.00646973
     -1.3849     -1.38733    -0.109009
    -1.32967     -1.41901   0.00415039
    -1.08489     -1.37671   -0.0838623
    -1.07108    -0.796997   -0.0905762
   -0.827412     0.331665     -1.59094
   -0.828108     0.138916     -1.04077
   -0.644003    -0.193909     -1.77966
    -0.61215  -0.00500488     -1.80115
   -0.552694   -0.0819092     -1.48584
   -0.511127     -1.27563   -0.0507812
   -0.308592    0.0355225     -1.92542
   -0.209549     0.059082     -1.67297
   0.0472126    -0.316345     -1.05884
   -0.304434    -0.413391    -0.775513
   -0.147844    -0.479187    -0.544434
   -0.201777    0.0521851     -1.07068
   -0.126209    -0.003479     -1.25549
     -0.1201     0.192566     -1.39087
   0.0158195    -0.396423    -0.683594
   -0.496433    -0.915222   -0.0991211
   -0.444742    -0.660889    -0.221436
   -0.508295    -0.618774    -0.373169
   -0.396894    -0.212769    -0.491455
   -0.343494     0.608215     -1.36926
   -0.393688     0.296936     -1.03589
   -0.202673    0.0228882    -0.780151
   -0.220625    -0.575745  -0.00488281
  -0.0874214    -0.536987      0.13562
   -0.128044    -0.227478    -0.207764
  -0.0262985    -0.220581    -0.265625
   -0.155924    0.0118408     -0.25354
   -0.170153      0.13324    -0.356445
   -0.238478    -0.124084    -0.189819
   -0.175325   -0.0803223  -0.00280762
   -0.219862     0.413147    -0.688477
  0.00621986     0.699036     -1.08716
   0.0326595     0.481689    -0.761841
   0.0217171   -0.0424805   -0.0290527
           0            0            0
   0.0285378      0.23877    -0.268799
    0.208158    -0.987732     -1.63904
    0.362602     -1.19543       -1.172
    0.107973    -0.797974     -1.83252
   0.0696621      -1.0108     -1.48413
    0.263556     -1.39325    -0.556885
    0.530899     -1.56201    -0.893921
    0.638241     -0.76593     -1.52539
     0.60421    -0.721375     -1.52881
    0.673103    -0.947021     -1.24951
    0.723362    -0.724915     -1.40491
    0.670971    -0.837341     -1.22522
    0.572739     -0.38501     -1.62915
    0.617844     -1.32733    -0.307373
    0.706244    -0.690308     -1.07141
    0.830507    -0.540649     -1.13745
       0.261     -0.24585     -1.88562
     0.14666    -0.558411     -1.28796
    0.453445    -0.184814     -1.75854
    0.397078   -0.0588989     -1.83716
    0.287973     -1.37061    -0.141602
    0.342524    -0.825684    -0.703247
    0.374702   -0.0103149     -1.73938
      0.1278    -0.590088    -0.963623
    0.281883    -0.875488    -0.632812
    0.279757    -0.358582    -0.960938
    0.591896   -0.0983887     -1.66785
    0.607784   -0.0458984     -1.66492
    0.574503    -0.074707      -1.6886
    0.650272     0.258423     -1.77405
     0.66996    -0.125671       -1.578
    0.563538     0.226746     -1.59766
    0.560917   -0.0419922    -0.986206
    0.688026    -0.462646    -0.673096
    0.744804    0.0722656    -0.941772
    0.846018      -1.4696    -0.149414
    0.923613    -0.396118     -1.27075
    0.950289    -0.991455    -0.380005
     1.22191    -0.133057     -1.39417
     1.20556    -0.673279    -0.620117
     1.21511     0.289856     -1.57043
     1.31254    -0.223938     -1.47095
     1.35822    -0.756714    -0.811401
     1.29552    -0.680298    -0.754517
     1.40806    -0.605957     -0.68457
     1.50076    -0.601746    -0.925293
     1.52186    -0.500122    -0.726318
     1.48425    -0.845642     -0.10144
     1.43959    -0.832458    -0.218628
     1.53752    -0.405579    -0.738159
     1.42902    -0.435059    -0.507202
     1.45658   0.00421143    -0.984985
     1.54166    0.0198975    -0.958374
    0.902643     -1.21954     0.395264
    0.976969     0.491455     -1.69043
    0.945753    -0.386658    -0.562744
     1.10532    -0.551758    -0.456787
    0.873405    -0.553711    -0.282471
    0.973944    -0.545227   -0.0252686
    0.936543    -0.685486    0.0541992
     1.21353    0.0917358    -0.735352
     1.22626     0.287598    -0.937378
     1.04646   -0.0831909    -0.374756
    0.131166    0.0840454     -1.57336
    0.115412    -0.172363     -1.27332
    0.124557    -0.779541    -0.286133
   0.0663891   -0.0290527     -1.20117
    0.347984    -0.074707     -1.13635
    0.386395     -1.13818     0.333984
    0.378021    -0.138062    -0.728271
   0.0791798     0.319397     -1.28857
   0.0780087    -0.336487    -0.491943
    0.101484    -0.407837    -0.355835
    0.292831    -0.146912    -0.560547
    0.418522     -0.14325    -0.452881
    0.277273     0.640076     -1.32056
    0.404913     0.898193     -1.61707
    0.491138    -0.683044      0.13623
    0.635159     0.313293     -1.07031
    0.637558     -0.13385    -0.410889
    0.663862    -0.514771   -0.0460205
    0.765615    -0.526123    -0.110596
    0.677525    0.0893555    -0.689453
    0.721189     0.924622     -1.60107
    0.753992    -0.471863    0.0441895
    0.765915   -0.0724487    -0.258667
    0.478872     0.163879    -0.721558
    0.532772     0.764465      -1.3324
    0.575762     0.393799    -0.949829
    0.595476    -0.346802   -0.0367432
    0.515011    -0.638977     0.424805
    0.540789    0.0147095    -0.244385
    0.726589     0.185486    -0.432617
    0.706516     0.556641    -0.862671
    0.748871     0.702942     -0.79834
    0.837637     0.282227    -0.360107
    0.771761     0.597473    -0.744263
    0.842072       0.7854    -0.960938
    0.166044    -0.566406     0.175537
    0.188183    -0.200928    -0.220947
    0.249962     0.379578    -0.832886
    0.104385      0.24585    -0.568604
    0.195856      1.00446     -1.52087
     0.18601     0.112366    -0.269531
    0.397232    -0.251953     0.435913
    0.144701    -0.932129      1.07776
    0.294483     0.968445    -0.772949
    0.400269     0.801392    -0.548706
    0.489605     0.710266    -0.900513
    0.572983   -0.0291138     0.209351
    0.745012     0.514893    -0.444092
     0.68754    0.0881348   -0.0201416
     0.81459     0.539185    -0.430786
    0.668583      1.23291     -1.22192
    0.674492     0.481506    -0.327026
    0.640972    0.0745239     0.271362
    0.744211     0.826599    -0.532715
    0.764275     0.570557    -0.292236
    0.748047    0.0593262     0.272705
     0.75238      0.21759     0.196899
    0.747883     0.582886    -0.179077
    0.519251      1.18646     -1.12671
    0.464188      1.13184    -0.724731
    0.604673     0.617249   0.00427246
     0.65453      1.06323    -0.487427
    0.750397     0.558777    0.0567627
      1.1266     0.468933     -0.81189
     1.20887     0.591431    -0.851562
    0.896793     0.296143    -0.393555
    0.969351     0.344604    -0.455688
    0.999796    -0.233643     0.332764
     0.96125    -0.353271     0.432007
    0.927023     0.846069    -0.892578
    0.888575      1.13678     -1.36292
    0.924513     0.882629    -0.951416
    0.897228    -0.655884     0.927368
     1.03508     0.903503    -0.906616
     1.00717     0.688721    -0.540649
     1.21721     -0.10376      0.32373
     1.17593        0.125     0.175415
     1.19444      1.23822     -1.01636
     1.18814      1.07892    -0.790771
     1.21649     0.941101    -0.611206
     1.14893     0.783264     -0.48938
     1.29939     0.198669    -0.317505
      1.3641     0.179321     -0.15332
     1.24677    -0.169006     0.218506
     1.35683     0.269653     -0.12561
     1.50132     0.753235    -0.739258
     1.60757      0.49176    -0.292236
     1.61173      0.59259    -0.165039
     1.60138     0.557922    -0.192383
     1.33623     0.630981    -0.354736
      1.4185     0.818542    -0.417969
      1.3146      1.13519    -0.814697
     1.34851     0.375549     0.296631
      1.0388     0.892456    -0.668457
     1.18113     0.404724     0.110718
     1.08719     0.424255     0.183228
     1.07755     0.758118    -0.183228
    0.882946     0.615356     0.100098
     0.95767     0.800354    -0.200195
      1.0153     0.972473    -0.184692
     1.04178     0.770325     0.107544
     1.15127     0.773926     0.218994
       1.078      1.14154     -0.14917
     1.15298       1.0116    0.0805664
     1.17458     0.974365     0.222412
     1.30307      1.27997    -0.687744
     1.61111      1.08771     0.344116
     1.43814      1.08289     0.378296
     1.68777      -0.5979     -0.49585
     1.73627    -0.738403    -0.331787
     1.76537    -0.960449   -0.0124512
     1.67167     0.269653    -0.444092
     1.78568     0.356812    -0.473511
     1.71955     0.430237    -0.144531
     1.64398     0.413391  -0.00378418
     1.75887     0.704346   -0.0953369
     1.66367      0.76123   -0.0513916
    -1.66083     -0.66333     0.739014
     -1.5728     0.848816    -0.804321
    -1.58533     0.973694    -0.751343
    -1.67636     0.687012   -0.0825195
   -0.862022    -0.854492     0.724121
   -0.842653     0.918579     -1.26929
   -0.739853     0.374329    -0.420532
    -1.35298     0.392029    -0.691406
     -1.1885     0.158508    -0.383789
    -1.39234   0.00726318     0.350342
    -1.25231    -0.478394     0.749268
   -0.930862    -0.262024      0.40564
   -0.808603    -0.245667     0.773804
   -0.845108     0.447632   -0.0012207
   -0.941991    -0.278015     0.852661
   -0.801191    -0.439636      1.16052
   -0.938299   -0.0632324     0.828003
   -0.700024      -0.9021     0.635254
   -0.713299    -0.456482     0.279419
   -0.615564     0.739441     -1.21228
   -0.444147     0.920837     -1.20801
   -0.247116     0.447937    -0.311157
   -0.168516     0.323547    -0.133301
-0.000392914    -0.757629      1.28015
  -0.0928459     0.207825      0.10376
 -0.00197029     0.086731     0.340698
  -0.0477467    -0.390442     0.954712
   -0.295794  -0.00640869     0.380981
   -0.184202     0.208313     0.300903
   -0.319168     0.653076    -0.250244
   -0.284647    -0.151978      0.70752
   -0.317205     0.973083    -0.557251
   -0.235449     0.498596     0.123901
   -0.103725     0.126709     0.491333
  -0.0533085     0.604614    0.0549316
   0.0141869     0.498413     0.265137
  -0.0307198  -0.00787354     0.840576
   -0.645159     0.507568    -0.249878
   -0.652601      0.97052    -0.481689
    -0.59988    -0.231201     0.933838
   -0.475786      1.14484    -0.686646
   -0.344275     0.659485   -0.0444336
   -0.645229     0.200195     0.629028
   -0.609354      1.00574    -0.263672
   -0.390072      1.06567    -0.204956
    -0.32638      1.25409    -0.277222
    -1.36305     0.216064     0.452515
    -1.26419  -0.00396729     0.729736
    -1.51158     0.178223     0.509521
    -1.41779      0.52063       0.5896
    -1.20903      1.18097    -0.344971
     -1.2398    -0.286865      1.52863
    -1.17809     0.664062     0.436768
    -1.08167     0.426025     0.731323
   -0.878086     0.618958      1.00012
   -0.764751     0.443481      1.26196
    -1.44746     0.435791     0.885498
    -1.13466      1.22882     0.273682
    -1.36867     0.427185      1.40051
    -1.08893      1.44202     0.137085
   -0.822905      1.68457    0.0581055
   -0.752316     0.725769       1.1084
    -1.10401     0.633728      1.54578
   -0.795689      1.39697     0.864868
   -0.746367      1.24359       1.2998
   -0.820293     0.988464      1.53595
   -0.718536      1.17297    0.0783691
   -0.516773      1.27405     0.172974
   -0.725595      1.08228     0.453125
   -0.537657     0.852783     0.848633
   -0.681396      1.26422     0.331665
   -0.521545      1.33289     0.169556
   -0.543066     0.417847      1.60669
   -0.697323      1.44476     0.393799
   -0.670813      1.15289      1.03821
   -0.543198      1.89191     0.330078
   -0.510403        1.151     0.921753
   -0.369553      1.22742      1.08557
   -0.401772      1.58881     0.839111
   -0.711056       1.7901     0.342285
   -0.699318      1.16449       1.1488
   -0.719639      1.35785     0.829224
   -0.678383      0.78772      1.58984
   -0.609999      1.89093     0.314331
   -0.497036      1.44739     0.956665
   -0.489851      1.50342     0.937378
   -0.400562      1.04968      1.60944
   -0.390635       1.4599      1.22839
   -0.327351      1.01038      1.39099
   -0.290047      1.63007     0.837036
  -0.0949383      1.69086     0.650024
  -0.0942364      1.77545     0.651245
  0.00574684       1.7644     0.697144
  -0.0102062      1.37085      1.19751
  -0.0252495     0.988831      1.61041
  -0.0410118      1.06824      1.57159
  -0.0374908      1.74487     0.899902
  -0.0740147      1.17975      1.62732
   -0.335806      1.01715      1.64313
    0.206247   -0.0192871     0.427612
   0.0565548     0.151062     0.278564
    0.210344    -0.688354      1.57977
    0.438484     0.426392     0.140503
    0.347929      1.15479    -0.504272
    0.542738     0.862854    -0.238525
    0.459238     0.660522    0.0541992
    0.652319     0.962097    -0.286987
    0.543579   -0.0199585     0.950439
    0.532484     0.579224     0.260864
    0.480057     0.520386     0.428711
    0.815283      1.62689     -0.75647
    0.740738      1.39142    -0.443604
    0.803265      1.15851   -0.0610352
     0.81156       1.0423     0.150024
    0.624691      1.90289   -0.0881348
     0.63698      1.56049     0.362061
    0.616131      1.51898     0.371582
    0.639013      1.70703     0.298706
     0.60355      1.52783     0.469971
    0.640432      1.64404      0.29541
    0.546061      1.53809     0.506348
     0.46192     0.925964      1.27356
    0.557053      1.71075     0.382812
    0.481304      1.29559     0.775879
    0.503744      1.74811     0.253174
     0.51317     0.527466      1.82477
    0.558155      1.66071      0.43396
    0.640316      1.65656     0.404297
    0.653591      1.80078     0.293823
     0.62569      1.69299     0.426392
     0.57881      1.62299     0.375732
    0.617399      1.69836     0.384399
    0.649509      1.68298     0.405273
    0.597494      1.69073     0.372559
    0.609596      1.67053     0.420776
    0.625912      1.72699     0.490112
    0.655527      1.70734     0.450928
    0.617731      1.82031     0.358765
    0.620956      1.71899     0.405151
    0.635761      1.67639     0.501587
    0.584303      1.73279      0.37085
    0.641096       1.8266     0.361938
    0.565363      1.75726     0.367065
    0.612202      1.71289      0.42981
    0.643274      1.74182     0.427002
    0.632324       1.7652     0.368042
    0.655001      1.79858     0.393555
    0.596449      1.73004     0.454712
    0.593508      1.75616     0.386597
    0.633915       1.7663     0.403687
    0.647594      1.74329     0.406494
    0.587301      1.78656      0.37439
     0.62417      1.74042     0.467407
    0.580633      1.73602     0.411499
     0.64908      1.80444     0.363159
    0.665606      1.61078     0.305664
     0.68442     0.880005      1.27722
    0.750713      1.76935     0.358643
    0.793219      1.23315     0.941162
    0.820419        1.112      1.05554
    0.735565      1.69269     0.516357
    0.695877      1.73175     0.423462
    0.661377      1.72687     0.381836
    0.721844      1.04358      1.43445
    0.668646      1.72772     0.493896
    0.664595      1.80731     0.424927
     0.66301      1.74493     0.435425
    0.663429      1.77081     0.447266
    0.776804      1.60382     0.618652
     0.86269      1.08118    -0.141602
     0.88727      1.13519   -0.0645752
     1.03629      1.37872    -0.315552
    0.951159      1.19958    -0.140625
    0.975756      1.25739    -0.146484
    0.905422     0.481506     0.897827
    0.924038      1.36188    -0.120605
    0.915823      1.31348   -0.0388184
    0.997772      1.39807   -0.0552979
     1.09461      1.33044     -0.20874
     1.16492     0.891907     0.383057
     1.22772      1.35815     -0.12561
     1.05708      1.60193    -0.229858
     1.15719      1.02173     0.455811
     1.17657      1.53516    0.0202637
     0.84594     0.879333     0.535156
    0.893789      1.41943    0.0319824
     0.96504      1.50293    0.0216064
     0.86557     0.929565     0.862427
     1.04122       0.8927     0.767822
     1.11748      1.40521     0.453613
     1.15225      1.59442     0.329102
     1.26228      1.25562    0.0479736
     1.28806      1.37585     0.165161
     1.37723      1.17969     0.647095
     1.45577      1.06812     0.552612
     1.51921     0.858154       0.8479
    0.865486      0.91748     0.970337
    0.926403       1.3678     0.603516
    0.951014      1.45258     0.331055
     1.00389      1.53625     0.732788
    0.120937      1.47711     0.746948
    0.108568      1.65607      0.77417
    0.124628      1.91547     0.553955
    0.239933      1.83337      0.64209
     0.34771      1.87189     0.580566
    0.370955      1.84637     0.558228
    0.447887      1.84601     0.671143
    0.401781      1.86102     0.531372
    0.416962      1.82062     0.697388
    0.455105      1.82581     0.721191
     0.38908      1.85822     0.560547
    0.404274      1.87769     0.595703
     0.36924      1.85449     0.641724
    0.363789      1.07574       1.6535
    0.379776      1.87213     0.615356
    0.369005      1.84265     0.639648
    0.324453      1.38098       1.3811
    0.556625      1.72198     0.450073
    0.554512       1.6701     0.498779
    0.551638      1.68048     0.491943
    0.555492      1.68353     0.483521
    0.556339      1.69592     0.473389
    0.530239      1.73792     0.441772
    0.515867      1.74542     0.369507
    0.527925      1.74774     0.432251
    0.494915      1.71075     0.422119
     0.52136      1.72321     0.455933
    0.535727      1.76697      0.36499
    0.530359      1.70734      0.46228
     0.54323      1.74396     0.420532
    0.494766      1.68115     0.421021
    0.532129      1.86188     0.420166
    0.482464      1.80487      0.43396
    0.554342      1.82849     0.427002
    0.556181      1.85883     0.379028
    0.517796       1.8631     0.424316
    0.553001      1.78265     0.467163
    0.545658      1.88794     0.391479
    0.485624      1.73987     0.543823
    0.545034       1.7804     0.480957
      0.4944      1.76862     0.512329
    0.538794      1.80347      0.47937
    0.485401      1.71399     0.484619
    0.556929      1.81079      0.50647
    0.504532      1.76562      0.52063
    0.466145      1.74609      0.49585
    0.468567      1.71753     0.521118
    0.508671      1.87085     0.348633
     0.53697      1.78589     0.535645
    0.513226      1.82721     0.447266
    0.465748      1.77618     0.377441
    0.528851      1.80505     0.454224
      0.4711      1.41455     0.847778
    0.541956      1.77832     0.454956
    0.484606      1.75293     0.434326
    0.462206      1.75317     0.406738
      0.5557      1.84442     0.494751
    0.515022      1.75256     0.507568
    0.530754       1.7782     0.484375
    0.508518      1.45428     0.911621
    0.472324      1.74677     0.445679
    0.514463      1.73145     0.542725
    0.571451      1.66602      0.52124
    0.562973       1.7583     0.413086
    0.555668      1.35931     0.959229
    0.622524      1.77606     0.497925
    0.590097      1.75336       0.4552
    0.656599      1.84833     0.383179
    0.595123      1.76849     0.441895
    0.595621      1.81201     0.449707
    0.580698      1.80109     0.458496
    0.604679      1.79382     0.412109
    0.609625      1.80164     0.411743
    0.578047      1.84216     0.383301
    0.569401      1.84497      0.39502
    0.581446      1.78802      0.45459
    0.632704      1.86499     0.415039
    0.577871       1.7832      0.44751
    0.580894      1.78192     0.462158
    0.626188      1.81921     0.441772
    0.602379      1.70691     0.575195
    0.627829      1.80756     0.465454
    0.593828      1.70648     0.513672
    0.577396       1.8338     0.472778
    0.583012      1.84155      0.51416
    0.580891      1.80518      0.55542
    0.583092      1.86133     0.482422
    0.569893      1.82043     0.484253
     0.56097      1.82928     0.443359
    0.579731      1.85938      0.46875
    0.572365      1.83203     0.452271
    0.561697      1.82245     0.438965
    0.642508      1.80725     0.532593
    0.561985      1.77271     0.510376
    0.564457      1.81458     0.528076
    0.561625      1.86975     0.459229
    0.610754      1.76953     0.555176
    0.579802      1.73462     0.602661
    0.624861      1.79755     0.519531
    0.618761      1.80542     0.567993
    0.613543      1.77258     0.574829
    0.565502      1.82458     0.441406
    0.570812      1.80664     0.539185
    0.579445      1.81714     0.501465
    0.579363      1.79443     0.530762
    0.532795      1.83618     0.488403
     0.47393       1.7583     0.609009
     0.54409      1.86462     0.474121
    0.516953      1.76666     0.567383
    0.520292       1.8371     0.469604
    0.508423      1.83258      0.50769
    0.469992      1.71191     0.622192
    0.556398      1.85236     0.540283
    0.536509      1.82727     0.533936
    0.472162      1.80139     0.474731
    0.519384      1.79816     0.568359
    0.500385      1.83417     0.539185
      0.5406       1.8255      0.54834
    0.503838       1.8302     0.504395
     0.54904      1.84558     0.576538
    0.474871      1.73291     0.633423
    0.475771      1.79309     0.503174
    0.489449      1.77734     0.522827
    0.495716      1.86444     0.418701
    0.516733      1.84161     0.469116
    0.510981      1.79486      0.54248
    0.544266      1.77179     0.579834
    0.500221      1.84753     0.515259
    0.516565      1.79926     0.549561
     0.54937      1.81946     0.580322
    0.462069      1.77942     0.523926
    0.521547      1.88251     0.442017
    0.538128      1.86285      0.47522
    0.477539      1.84869     0.512451
    0.532026      1.84161     0.513062
    0.492304      1.81439     0.522949
    0.485027      1.85034     0.453857
    0.530109      1.82489     0.548218
    0.483517      1.82556     0.534424
    0.521404      1.82263      0.49231
     0.46884      1.80951     0.652222
    0.462563       1.7829     0.592407
    0.506079      1.85266     0.610718
    0.503044      1.83551       0.6521
    0.449827     0.924194       1.7171
    0.479128      1.83673     0.627563
    0.499851       1.8233     0.602539
    0.534529      1.79382     0.665039
     0.46224      1.89691     0.481079
    0.506849      1.75073     0.668701
     0.50004      1.80658     0.661011
    0.483252      1.85931     0.552612
    0.479456      1.83221     0.543091
    0.527557      1.78107     0.663696
    0.527325      1.76764     0.776367
    0.487635       1.7854     0.626343
    0.499001      1.83813     0.578735
    0.511126      1.85132     0.593994
    0.634195      1.22797       1.3877
    0.562117      1.85052     0.497925
    0.569071      1.84753     0.525635
    0.567041      1.80554     0.618164
    0.561163      1.86865     0.508301
    0.588539      1.82477     0.627075
    0.571051      1.81189     0.630005
     0.55765       1.8252     0.641479
    0.697437      1.60999     0.730103
    0.672676      1.82227     0.519653
    0.658758      1.83691     0.466675
    0.694389      1.20795      1.26929
    0.730848      1.77094     0.560791
    0.659145      1.82562     0.497803
    0.481415      1.84149     0.640503
     0.47649      1.73804     0.834106
    0.495888      1.81696     0.692383
    -1.23043      0.95343      1.21948
