#days since March 14, 2020, number of cases 
0 1 
1 2 
2 2 
3 3 
4 3 
5 3 
6 8 
7 11 
8 11 
9 13 
10 19 
11 24 
12 39 
13 54 
14 76 
15 92 
16 113 
17 195 
18 195 
19 312 
20 307 
21 360 
22 385 
23 402 
24 419 
25 438 
26 447 
27 495 
28 513 
29 517 
30 517 
31 538 
32 538 
33 567 
34 576 
35 593 
36 598 
37 598 
38 616 
39 622 
40 635 
41 642 
42 650 
43 650 
44 650 
45 662 
46 662 
47 671 
48 681 
49 705 
50 705 
51 710 
52 713 
53 717 
54 721 
55 721 
56 731 
57 733 
58 739 
59 744 
60 744 
61 759 
62 759 
63 773 
64 773 
65 780 
66 780 
67 792 
68 792 
69 794 
70 794 
71 796 
72 796 
73 796 
74 798 
75 803 
76 803 
77 805 
78 812 
79 812 
80 818 
81 818 
82 823 
83 833 
84 838 
85 838 
86 844 
87 848 
88 854 
89 854 
90 877 
91 877 
92 892 
93 892 
94 915 
95 986 
96 1043 
97 1100 
98 1166 
99 1166 
100 1307 
101 1307 
102 1383 
103 1585 
104 1585 
105 1841 
106 1841 
107 2040 
108 2169 
109 2288 
110 2336 
111 2507 
112 2631 
113 2835 
114 3000 
115 3252 
116 3431 
117 3596 
118 3790 
119 3975 
120 4146 
121 4448 
122 4541 
123 4836 
124 5132 
125 5457 
126 5723 
127 5900 
128 5979 
129 6195 
130 6423 
131 6587 
132 6732 
133 6942 
134 7092 
135 7203 
136 7378 
137 7515 
138 7681 
139 7828 
140 8004 
141 8004 
142 8069 
143 8280 
144 8415 
145 8569 
146 8720 
147 8932 
148 8949 
149 9144 
150 9315 
151 9425 
152 9595 
153 9753 
154 9924 
155 9968 
156 10030 
157 10132 
158 10228 
159 10348 
160 10450 
161 10562 
162 10592 
163 10664 
164 10748 
165 10853 
166 10930 
167 10982 
168 11080 
169 11109 
170 11176 
171 11267 
172 11374 
173 11411 
174 11411 
175 11411 
176 11411 
177 11411 
178 11411 
179 11750 
180 11823 
181 11873 
182 11923 
183 11953 
184 11980 
185 12043 
186 12106 
187 12164 
188 12261 
189 12321 
190 12351 
191 12417 
192 12455 
193 12520 
194 12588 
195 12693 
196 12831 
197 12862 
198 12945 
199 13009 
200 13116 
201 13256 
202 13343 
203 13498 
204 13583 
205 13672 
206 13767 
207 13875 
208 13993 
209 14108 
210 14281 
211 14399 
212 14528 
213 14604 
214 14706 
215 14827 
216 14913 
217 15013 
218 15132 
219 15188 
220 15341 
221 15496 
222 15746 
223 15885 
224 16179 
225 16299 
226 16397 
227 16551 
228 16710 
229 16908 
230 17098 
231 17326 
232 17451 
233 17499 
234 17828 
235 18110 
236 18311 
237 18618 
238 19065 
239 19325 
240 19665 
241 19902 
242 20423 
243 20628 
244 20922 
245 21278 
246 21561 
247 21723 
248 22032 
249 22316 
250 22590 
251 23065 
252 23344 
253 23455 
254 23711 
255 24025 
256 24330 
257 24330 
258 24821 
259 25131 
260 25364 
261 25701 
262 26141 
263 26524 
264 26922 
265 27410 
266 27834 
267 28075 
268 28381 
269 28928 
270 29642 
271 30205 
272 30695 
273 31070 
274 31227 
275 31603 
276 32184 
277 32597 
278 33123 
279 33610 
280 33926 
281 34109 
282 34412 
283 35094 
284 35744 
285 36185 
286 36185 
287 36438 
288 36588 
289 36943 
290 37511 
291 37860 
292 38262 
293 38262 
294 38633 
295 38681 
296 38906 
297 39385 
298 39691 
299 39961 
300 40270 
301 40604 
302 40790 
303 40933 
304 41173 
305 41409 
306 41702 
307 42060 
308 42377 
309 42506 
310 42506 
311 42863 
312 43032 
313 43210 
314 43348 
315 43535 
316 43597 
317 43751 
318 43921 
319 44046 
320 44173 
321 44369 
322 44483 
323 44483 
324 44620 
325 44760 
326 44869 
327 44965 
328 45087 
329 45151 
330 45151 
331 45255 
332 45367 
333 45498 
334 45576 
335 45690 
336 45775 
337 45775 
338 45775 
339 45888 
340 45998 
341 46073 
342 46127 
343 46190 
344 46190 
345 46286 
346 46357 
347 46383 
348 46532 
349 46631 
350 46715 
351 46715 
352 46799 
353 46895 
354 47073 
355 47153 
356 47202 
357 47216 
358 47216 
359 47294 
360 47416 
361 47519 
362 47615 
363 47686 
364 47769 
365 47769 
366 47857 
367 47943 
368 48062 
369 48166 
370 48273 
371 48347 
372 48347 
373 48426 
374 48519 
375 48606 
376 48691 
377 48806 
378 48870 
379 48870 
380 48965 
381 49066 
382 49189 
383 49279 
384 49380 
385 49380 
386 49380 
387 49603 
388 49701 
389 49804 
390 49936 
391 50037 
392 50037 
393 50037 
394 50223 
395 50296 
396 50436 
397 50513 
398 50599 
399 50599 
400 50599 
401 50756 
402 50851 
403 50935 
404 51017 
405 51078 
406 51078 
407 51078 
408 51277 
409 51395 
410 51468 
411 51543 
412 51610 
413 51610 
414 51610 
415 51733 
416 51784 
417 51840 
418 51871 
419 51917 
420 51917 
421 51917 
422 52025 
423 52090 
424 52144 
425 52189 
426 52250 
427 52250 
428 52250 
429 52354 
430 52386 
431 52469 
432 52519 
433 52559 
434 52559 
435 52559 
436 52644 
437 52681 
438 52719 
439 52751 
440 52800 
441 52800 
442 52800 
443 52800 
444 52875 
445 52937 
446 52964 
447 53011 
448 53011 
449 53011 
450 53073 
451 53111 
452 53144 
453 53178 
454 53196 
455 53196 
456 53196 
457 53267 
458 53292 
459 53315 
460 53339 
461 53339 
462 53339 
463 53339 
464 53415 
465 53435 
466 53454 
467 53477 
468 53500 
469 53500 
470 53500 
471 53530 
472 53564 
473 53585 
474 53621 
475 53642 
476 53642 
477 53642 
478 53642 
479 53729 
480 53788 
481 53844 
482 53891 
483 53891 
484 53891 
485 54003 
486 54046 
487 54105 
488 54167 
489 54222 
490 54222 
491 54222 
492 54338 
493 54410 
494 54532 
495 54562 
496 54649 
497 54649 
498 54649 
499 54863 
500 54948 
501 55049 
502 55214 
503 55326 
504 55326 
505 55326 
506 55600 
507 55780 
508 55994 
509 56278 
510 56528 
511 56528 
512 56528 
513 56792 
514 56943 
515 57126 
516 57333 
517 57543 
518 57543 
519 57543 
520 58096 
521 58261 
522 58552 
523 58763 
524 58866 
525 58866 
526 58866 
527 59190 
528 59320 
529 59634 
530 59934 
531 60093 
532 60093 
533 60093 
534 60701 
535 60873 
536 61059 
537 61553 
538 61933 
539 61933 
540 61933 
541 61933 
542 62640 
543 62848 
544 63060 
545 63310 
546 63722 
547 63844 
548 64249 
549 64659 
550 65049 
551 65388 
552 65751 
553 66072 
554 66275 
555 66613 
556 67141 
557 67608 
558 68053 
559 68632 
560 69041 
561 69361 
562 69608 
563 69971 
564 70557 
565 71208 
566 71882 
567 72245 
568 72502 
569 72755 
570 73160 
571 73574 
572 73961 
573 74523 
574 74770 
575 74897 
576 74897 
577 75566 
578 76211 
579 76860 
580 77257 
581 77432 
582 77510 
583 77777 
584 78178 
585 78630 
586 79015 
587 79328 
588 79573 
589 79690 
590 79857 
591 80154 
592 80452 
593 80678 
594 81082 
595 81230 
596 81282 
597 81515 
598 81728 
599 82156 
600 82355 
601 82536 
602 82677 
603 82677 
604 82887 
605 83026 
606 83260 
607 83260 
608 83432 
609 83589 
610 83589 
611 83722 
612 83850 
613 84067 
614 84250 
615 84363 
616 84478 
617 84478 
618 84621 
619 84756 
620 84903 
621 84903 
622 85044 
623 85156 
624 85156 
625 85261 
626 85403 
627 85590 
628 85741 
629 85859 
630 85933 
631 85933 
632 86072 
633 86226 
634 86443 
635 86582 
636 86663 
637 86714 
638 86714 
639 86911 
640 86997 
641 87113 
642 87200 
643 87341 
644 87381 
645 87381 
646 87535 
647 87672 
648 87750 
649 87867 
650 87867 
651 87867 
652 87867 
653 88304 
654 88698 
655 88905 
656 89225 
657 89225 
658 89225 
659 89225 
660 89728 
661 90151 
662 90630 
663 91092 
664 91221 
665 91349 
666 91349 
667 91690 
668 92107 
669 92688 
670 93200 
671 93969 
672 94384 
673 94384 
674 94384 
675 95547 
676 96619 
677 97338 
678 98162 
679 99096 
680 99096 
681 100028 
682 100744 
683 101878 
684 103141 
685 104276 
686 105142 
687 105142 
688 105862 
689 106364 
690 107232 
691 108139 
692 109197 
693 109890 
694 109890 
695 110460 
696 111361 
697 112425 
698 113318 
699 113992 
700 114554 
701 114554 
702 115106 
703 116206 
704 117366 
705 118277 
706 119509 
707 120175 
708 120175 
709 120175 
710 121549 
711 122983 
712 124434 
713 125657 
714 125657 
715 125657 
716 127102 
717 127903 
718 128637 
719 129232 
720 130114 
721 130114 
722 130114 
723 131024 
724 131382 
725 131644 
726 131902 
727 131990 
728 131990 
729 131990 
730 132050 
731 132164 
732 132307 
733 132488 
734 132599 
735 132599 
736 132599 
737 132727 
738 132836 
739 132901 
740 132946 
741 132979 
742 132979 
743 132979 
744 133030 
745 133121 
746 133228 
747 133228 
748 133453 
749 133453 
750 133453 
751 133631 
752 133696 
753 133727 
754 133751 
755 133771 
756 133771 
757 133771 
758 133814 
759 133862 
760 133882 
761 133911 
762 133929 
763 133929 
764 133929 
765 134006 
766 134006 
767 134084 
768 134084 
769 134157 
770 134157 
771 134157 
772 134210 
773 134210 
774 134280 
775 134280 
776 134364 
777 134364 
778 134364 
779 134466 
780 134466 
781 134601 
782 134601 
783 134750 
784 134750 
785 134750 
786 134914 
787 134914 
788 135084 
789 135084 
790 135259 
791 135259 
792 135259 
793 135440 
794 135440 
795 135662 
796 135662 
797 135910 
798 135910 
799 135910 
800 136093 
801 136093 
802 136429 
803 136429 
804 136700 
805 136700 
806 136700 
807 136700 
808 136700 
809 137230 
810 137230 
811 137537 
812 137537 
813 137537 
814 137817 
815 137817 
816 138269 
817 138269 
818 138625 
819 138625 
820 138625 
821 138931 
822 138931 
823 139353 
824 139353 
825 139681 
826 139681 
827 139681 
828 139681 
829 139681 
830 140290 
831 140290 
832 140806 
833 140806 
834 140806 
835 141153 
836 141153 
837 141711 
838 141711 
839 142136 
840 142136 
841 142136 
842 142136 
843 142136 
844 142910 
845 142910 
846 143470 
847 143470 
848 143470 
849 143886 
850 143886 
851 144368 
852 144368 
853 144766 
854 144766 
855 144766 
856 145130 
857 145130 
858 145539 
859 145539 
860 145933 
861 145933 
862 145933 
863 146276 
864 146276 
865 146758 
866 146758 
867 147080 
868 147080 
869 147080 
870 147391 
871 147391 
872 147763 
873 147763 
874 148025 
875 148025 
876 148025 
877 148246 
878 148246 
879 148522 
880 148522 
881 148732 
882 148732 
883 148732 
884 148906 
885 148906 
886 149212 
887 149212 
888 149367 
889 149367 
890 149367 
891 149543 
892 149543 
893 149781 
894 149781 
895 149975 
896 149975 
897 149975 
898 150142 
899 149367 
900 150395 
901 150395 
902 150615 
903 150615 
904 150615 
905 150615 
906 150615 
907 150973 
908 150973 
909 151201 
910 151201 
911 151201 
912 151353 
913 151353 
914 151552 
915 151552 
916 151676 
917 151676 
918 151676 
919 151889 
920 151889 
921 152034 
922 152034 
923 152183 
924 152183 
925 152183 
926 152276 
927 152276 
928 152403 
929 152403 
930 152488 
931 152488 
932 152488 
933 152566 
934 152566 
935 152683 
936 152683 
937 152802 
938 152802 
939 152802 
940 152802 
941 152802 
942 152979 
943 152979 
944 153083 
945 153083 
946 153083 
947 153083 
948 153083 
949 153287 
950 153287 
951 153287 
952 153287 
953 153287 
954 153287 
955 153287 
956 153670 
957 153670 
958 153670 
959 153670 
960 153670 
961 153670 
962 153670 
963 154026 
964 154026 
965 154026 
966 154026 
967 154026 
968 154026 
969 154026 
970 154421 
971 154421 
972 154421 
973 154421 
974 154421 
975 154421 
976 154421 
977 154788 
978 154788 
979 154788 
980 154788 
981 154788 
982 154788 
983 154788 
984 155234 
985 155234 
986 155234 
987 155234 
988 155234 
989 155234 
990 155234 
991 155689 
992 155689 
993 155689 
994 155689 
995 155689 
996 155689 
997 155689 
998 156158 
999 156158 
1000 156158 
1001 156158 
1002 156158 
1003 156158 
1004 156158 
1005 156596 
1006 156596 
1007 156596 
1008 156596 
1009 156596 
1010 156596 
1011 156596 
1012 157039 
1013 157039 
1014 157039 
1015 157039 
1016 157039 
1017 157039 
1018 157039 
1019 157422 
1020 157422 
1021 157422 
1022 157422 
1023 157422 
1024 157422 
1025 157422 
1026 157831 
1027 157831 
1028 157831 
1029 157831 
1030 157831 
1031 157831 
1032 157831 
1033 158140 
1034 158140 
1035 158140 
1036 158140 
1037 158140 
1038 158140 
1039 158140 
1040 158374 
1041 158374 
1042 158374 
1043 158374 
1044 158374 
1045 158374 
1046 158374 
1047 158571 
1048 158571 
1049 158571 
1050 158571 
1051 158571 
1052 158571 
1053 158571 
1054 158806 
1055 158806 
1056 158806 
1057 158806 
1058 158806 
1059 158806 
1060 158806 
1061 159095 
1062 159095 
1063 159095 
1064 159095 
1065 159095 
1066 159095 
1067 159095 
1068 159358 
1069 159358 
1070 159358 
1071 159358 
1072 159358 
1073 159358 
1074 159358 
1075 159699 
1076 159699 
1077 159699 
1078 159699 
1079 159699 
1080 159699 
1081 159699 
1082 160029 
1083 160029 
1084 160029 
1085 160029 
1086 160029 
1087 160029 
1088 160029 
1089 160373 
